YASHs-MacBook-Air:NLP Lab 13 yashvinayvanshi$ python3 13.py
Count Matrix:
[[0 0 0 ... 0 0 0]
 [0 0 0 ... 0 0 0]
 [0 0 0 ... 0 0 0]
 ...
 [0 0 0 ... 0 0 0]
 [0 0 0 ... 0 0 0]
 [0 0 0 ... 0 0 0]]

Term-Context Matrix:
[[0. 0. 0. ... 0. 0. 0.]
 [0. 0. 0. ... 0. 0. 0.]
 [0. 0. 0. ... 0. 0. 0.]
 ...
 [0. 0. 0. ... 0. 0. 0.]
 [0. 0. 0. ... 0. 0. 0.]
 [0. 0. 0. ... 0. 0. 0.]]

PMI Matrix:
[[9.100662 8.100662 8.100662 ... 8.100662 8.100662 8.100662]
 [9.100662 8.100662 8.100662 ... 8.100662 8.100662 8.100662]
 [9.100662 8.100662 8.100662 ... 8.100662 8.100662 8.100662]
 ...
 [9.100662 8.100662 8.100662 ... 8.100662 8.100662 8.100662]
 [8.100662 7.100662 7.100662 ... 7.100662 7.100662 7.100662]
 [9.100662 8.100662 8.100662 ... 8.100662 8.100662 8.100662]]

Similarity Matrix:
[[0.99999785 0.99995184 0.99999785 ... 0.9999782  0.99998534 0.99999785]
 [0.99995184 0.99999666 0.99995184 ... 0.9999224  0.9999298  0.99995184]
 [0.99999785 0.99995184 0.99999785 ... 0.9999782  0.99998534 0.99999785]
 ...
 [0.9999782  0.9999224  0.9999782  ... 0.99999464 0.9999529  0.9999782 ]
 [0.99998534 0.9999298  0.99998534 ... 0.9999529  0.9999967  0.99998534]
 [0.99999785 0.99995184 0.99999785 ... 0.9999782  0.99998534 0.99999785]]